1|proteus-mem-first-install|62899|131204|6,6,6|95000|95000
2|proteus-mem-steady|62853|130250|7,7,7|95000|95000
3|proteus-mem-steady|62873|130080|6,6,6|95000|95000
4|proteus-mem-steady|62730|129362|6,6,6|95000|95000
5|proteus-mem-steady|62903|132960|6,6,6|95000|95000
1|native-first-install|62781|158120|6,6,6|95000|95000
2|native-steady|62800|149178|7,7,7|95000|95000
3|native-steady|62889|152743|7,7,7|95000|95000
4|native-steady|62750|149348|7,7,7|95000|95000
5|native-steady|62954|149691|6,6,6|95000|95000
1|proteus-perf|62737|78937|6,6,6|95000|95000
1|app-4050|62923|107384|6,6,6|95000|95000
2|app-4050|62733|109526|7,7,7|95000|95000
3|app-4050|62852|106048|6,6,6|95000|95000
4|app-4050|62857|108155|6,6,6|95000|95000
5|app-4050|62791|108224|7,7,7|95000|95000
1|app-4050-native|62893|185952|7,7,7|95000|95000
2|app-4050-native|62698|186429|7,7,7|95000|95000
3|app-4050-native|62768|191840|6,6,6|95000|95000
4|app-4050-native|63043|186917|6,6,6|95000|95000
5|app-4050-native|62904|184694|7,7,7|95000|95000
1|proteus-noflatten|62955|139981|6,6,6|95000|95000
1|flat-redraw|62996|216124|7,7,7|95000|95000
1|recycle|62889|124768|6,6,6|95000|95000
