1|proteus-mem-first-install|62930|75198|0,0,0|95000|95000
2|proteus-mem-steady|60305|72419|5,5,5|95000|95000
3|proteus-mem-steady|60312|72880|0,0,0|95000|95000
4|proteus-mem-steady|60227|72882|1,1,1|95000|95000
5|proteus-mem-steady|60227|71676|5,5,5|95000|95000
1|native-first-install|59688|97499|5,5,5|95000|95000
2|native-steady|59452|96902|4,4,4|95000|95000
3|native-steady|59766|96775|1,1,1|95000|95000
4|native-steady|59902|97277|0,0,0|95000|95000
5|native-steady|59892|96981|5,5,5|95000|95000
1|proteus-perf|59825|82744|6,6,6|95000|95000
