1|proteus-mem-first-install|62624|74596|4,4,4|95000|95000
2|proteus-mem-steady|60444|72696|5,5,5|95000|95000
3|proteus-mem-steady|60225|72503|1,1,1|95000|95000
4|proteus-mem-steady|60218|72707|4,4,4|95000|95000
5|proteus-mem-steady|60436|72786|1,1,1|95000|95000
1|native-first-install|60356|72242|4,4,4|95000|95000
2|native-steady|60268|72245|5,5,5|95000|95000
3|native-steady|60253|73784|1,1,1|95000|95000
4|native-steady|60362|73784|0,0,0|95000|95000
5|native-steady|60460|74152|0,0,0|95000|95000
1|proteus-perf|60340|121935|7,7,7|95000|95000
