1|proteus-mem-first-install|62790|133684|7,7,7|95000|95000
2|proteus-mem-steady|62619|136174|6,6,6|95000|95000
3|proteus-mem-steady|62709|132294|7,7,7|95000|95000
4|proteus-mem-steady|62613|138561|7,7,7|95000|95000
5|proteus-mem-steady|62847|136485|6,6,6|95000|95000
1|native-first-install|62728|158018|7,7,7|95000|95000
2|native-steady|62933|157841|7,7,7|95000|95000
3|native-steady|62884|157923|6,6,6|95000|95000
4|native-steady|62850|155669|7,7,7|95000|95000
5|native-steady|62769|155237|6,6,6|95000|95000
1|proteus-perf|62912|90546|7,7,7|95000|95000
1|app-4050|62755|135740|6,6,6|95000|95000
2|app-4050|62902|135439|7,7,7|95000|95000
3|app-4050|62662|137680|6,6,6|95000|95000
4|app-4050|62822|136764|7,7,7|95000|95000
5|app-4050|62770|137556|6,6,6|95000|95000
1|app-4050-native|62803|170181|7,7,7|95000|95000
2|app-4050-native|62752|170329|7,7,7|95000|95000
3|app-4050-native|62641|168789|6,6,6|95000|95000
4|app-4050-native|63013|174089|7,7,7|95000|95000
5|app-4050-native|62809|171232|6,6,6|95000|95000
1|proteus-noflatten|62727|147676|6,6,6|95000|95000
1|flat-redraw|62706|219388|6,6,6|95000|95000
1|recycle|62667|131620|6,6,6|95000|95000
