1|proteus-mem-first-install|62301|129241|6,6,6|95000|95000
2|proteus-mem-steady|62287|127366|6,6,6|95000|95000
3|proteus-mem-steady|62804|129089|6,6,6|95000|95000
4|proteus-mem-steady|62600|127655|6,6,6|95000|95000
5|proteus-mem-steady|62889|128545|6,6,6|95000|95000
1|native-first-install|63248|149227|6,6,6|95000|95000
2|native-steady|62999|151381|6,6,6|95000|95000
3|native-steady|63244|148783|6,6,6|95000|95000
4|native-steady|63001|147718|6,6,6|95000|95000
5|native-steady|63000|151913|6,6,6|95000|95000
1|proteus-perf|63278|96829|6,6,6|95000|95000
1|app-4050|63242|101048|6,6,6|95000|95000
2|app-4050|63145|104042|6,6,6|95000|95000
3|app-4050|63004|100237|6,6,6|95000|95000
4|app-4050|62999|99771|6,6,6|95000|95000
5|app-4050|63261|99704|6,6,6|95000|95000
1|app-4050-native|63007|184471|6,6,6|95000|95000
2|app-4050-native|63055|186241|6,6,6|95000|95000
3|app-4050-native|63104|184037|6,6,6|95000|95000
4|app-4050-native|62991|185130|6,6,6|95000|95000
5|app-4050-native|62946|182906|6,6,6|95000|95000
1|proteus-noflatten|63066|139183|6,6,6|95000|95000
1|flat-redraw|63056|206108|6,6,6|95000|95000
1|recycle|62985|124250|6,6,6|95000|95000
