1|proteus-mem-first-install|23637|47820|6,6,6|39000|36821
2|proteus-mem-steady|20375|45270|5,5,5|38000|36488
3|proteus-mem-steady|20205|45168|5,5,5|39000|36599
4|proteus-mem-steady|20235|45109|5,5,5|37000|37000
5|proteus-mem-steady|20221|45323|4,4,4|37000|36488
1|native-first-install|20232|68469|7,7,7|37043|36765
2|native-steady|20354|68260|4,4,4|37210|40000
3|native-steady|20252|68235|5,5,5|37488|36876
4|native-steady|20261|68159|4,4,4|37099|37000
5|native-steady|20250|68219|4,4,4|37043|36876
1|proteus-perf|20667|42989|4,4,4|37154|37599
1|proteus-noflatten|20287|53111|4,4,4|37599|37321
1|recycle|20235|40898|7,7,7|38000|38000
