1|proteus-mem-first-install|62410|78208|1,1,1|95000|95000
2|proteus-mem-steady|60054|76204|5,5,5|95000|95000
3|proteus-mem-steady|60134|76296|1,1,1|95000|95000
4|proteus-mem-steady|59956|76070|0,0,0|95000|95000
5|proteus-mem-steady|59853|75448|4,4,4|95000|95000
1|native-first-install|59466|103051|4,4,4|95000|95000
2|native-steady|59341|102847|5,5,5|95000|95000
3|native-steady|59364|102806|0,0,0|95000|95000
4|native-steady|59389|102916|4,4,4|95000|95000
5|native-steady|59524|103001|0,0,0|95000|95000
1|proteus-perf|59662|70670|7,7,7|95000|95000
