1|proteus-mem-first-install|62717|127931|7,7,7|95000|95000
2|proteus-mem-steady|62798|128646|7,7,7|95000|95000
3|proteus-mem-steady|62672|129254|4,4,4|95000|95000
4|proteus-mem-steady|62821|129614|7,7,7|95000|95000
5|proteus-mem-steady|62762|129558|6,6,6|95000|95000
1|native-first-install|62647|147901|6,6,6|95000|95000
2|native-steady|62650|149236|7,7,7|95000|95000
3|native-steady|62866|149375|7,7,7|95000|95000
4|native-steady|62612|149242|6,6,6|95000|95000
5|native-steady|62869|149203|7,7,7|95000|95000
1|proteus-perf|62815|100570|7,7,7|95000|95000
1|app-4050|62617|135278|6,6,6|95000|95000
2|app-4050|62669|131454|6,6,6|95000|95000
3|app-4050|62768|131095|6,6,6|95000|95000
4|app-4050|62638|131838|6,6,6|95000|95000
5|app-4050|62584|134986|7,7,7|95000|95000
1|app-4050-native|62673|161487|6,6,6|95000|95000
2|app-4050-native|62835|158761|6,6,6|95000|95000
3|app-4050-native|62895|161123|7,7,7|95000|95000
4|app-4050-native|62556|156641|7,7,7|95000|95000
5|app-4050-native|62627|168930|6,6,6|95000|95000
1|proteus-noflatten|62717|146971|6,6,6|95000|95000
1|flat-redraw|62656|222391|6,6,6|95000|95000
1|recycle|62821|125270|7,7,7|95000|95000
