1|proteus-mem-first-install|62031|74165|4,4,4|95000|95000
2|proteus-mem-steady|59563|71861|1,1,1|95000|95000
3|proteus-mem-steady|59500|71732|0,0,0|95000|95000
4|proteus-mem-steady|59655|71862|1,1,1|95000|95000
5|proteus-mem-steady|60081|72516|0,0,0|95000|95000
1|native-first-install|60200|97298|4,4,4|95000|95000
2|native-steady|60119|97279|5,5,5|95000|95000
3|native-steady|60051|97289|0,0,0|95000|95000
4|native-steady|60100|96923|4,4,4|95000|95000
5|native-steady|60038|97403|5,5,5|95000|95000
1|proteus-perf|60076|83707|7,7,7|95000|95000
1|proteus-noflatten|60092|88589|1,1,1|95000|95000
