1|proteus-mem-first-install|81109|117158|4,4,4|95000|95000
2|proteus-mem-steady|81012|117272|6,6,6|95000|95000
3|proteus-mem-steady|81098|117311|6,6,6|95000|95000
4|proteus-mem-steady|81044|117250|6,6,6|95000|95000
5|proteus-mem-steady|81134|117089|6,6,6|95000|95000
1|native-first-install|81106|173454|7,7,7|95000|95000
2|native-steady|81130|173940|6,6,6|95000|95000
3|native-steady|81425|177226|6,6,6|95000|95000
4|native-steady|81221|134438|6,6,6|95000|95000
5|native-steady|81086|168127|6,6,6|95000|95000
1|proteus-perf|81286|121593|6,6,6|95000|95000
1|app-4050|81136|167796|4,4,4|95000|95000
2|app-4050|81222|168457|7,7,7|95000|95000
3|app-4050|81244|168044|6,6,6|95000|95000
4|app-4050|81190|168651|4,4,4|95000|95000
5|app-4050|81235|168437|6,6,6|95000|95000
1|app-4050-native|81166|214677|6,6,6|95000|95000
2|app-4050-native|81316|215054|7,7,7|95000|95000
3|app-4050-native|81210|225112|6,6,6|95000|95000
4|app-4050-native|81260|225726|6,6,6|95000|95000
5|app-4050-native|81233|222559|6,6,6|95000|95000
1|proteus-noflatten|81440|126383|6,6,6|95000|95000
1|flat-redraw|81393|203961|6,6,6|95000|95000
1|recycle|81281|110361|6,6,6|95000|95000
